7.028125000000000000e+01
1.239453125000000000e+02
7.309375000000000000e+01
1.408046875000000000e+02
7.684375000000000000e+01
1.550703125000000000e+02
8.434375000000000000e+01
1.706328125000000000e+02
9.278125000000000000e+01
1.823046875000000000e+02
1.030937500000000000e+02
1.926796875000000000e+02
1.134062500000000000e+02
2.004609375000000000e+02
1.255937500000000000e+02
2.017578125000000000e+02
1.368437500000000000e+02
2.017578125000000000e+02
1.509062500000000000e+02
2.017578125000000000e+02
1.621562500000000000e+02
1.939765625000000000e+02
1.715312500000000000e+02
1.836015625000000000e+02
1.799687500000000000e+02
1.719296875000000000e+02
1.837187500000000000e+02
1.550703125000000000e+02
1.837187500000000000e+02
1.343203125000000000e+02
1.837187500000000000e+02
1.213515625000000000e+02
1.837187500000000000e+02
1.031953125000000000e+02
7.590625000000000000e+01
1.109765625000000000e+02
8.340625000000000000e+01
1.044921875000000000e+02
9.231250000000000000e+01
1.038437500000000000e+02
1.016875000000000000e+02
1.038437500000000000e+02
1.101250000000000000e+02
1.051406250000000000e+02
1.373125000000000000e+02
9.865625000000000000e+01
1.462187500000000000e+02
9.541406250000000000e+01
1.555937500000000000e+02
9.346875000000000000e+01
1.654375000000000000e+02
9.087500000000000000e+01
1.743437500000000000e+02
9.411718750000000000e+01
1.255937500000000000e+02
1.148671875000000000e+02
1.265312500000000000e+02
1.265390625000000000e+02
1.274687500000000000e+02
1.369140625000000000e+02
1.284062500000000000e+02
1.485859375000000000e+02
1.199687500000000000e+02
1.576640625000000000e+02
1.255937500000000000e+02
1.576640625000000000e+02
1.302812500000000000e+02
1.576640625000000000e+02
1.359062500000000000e+02
1.563671875000000000e+02
1.405937500000000000e+02
1.550703125000000000e+02
8.715625000000000000e+01
1.226484375000000000e+02
9.184375000000000000e+01
1.174609375000000000e+02
1.040312500000000000e+02
1.161640625000000000e+02
1.096562500000000000e+02
1.213515625000000000e+02
1.040312500000000000e+02
1.226484375000000000e+02
9.184375000000000000e+01
1.252421875000000000e+02
1.434062500000000000e+02
1.148671875000000000e+02
1.480937500000000000e+02
1.096796875000000000e+02
1.602812500000000000e+02
1.070859375000000000e+02
1.659062500000000000e+02
1.109765625000000000e+02
1.612187500000000000e+02
1.148671875000000000e+02
1.490312500000000000e+02
1.161640625000000000e+02
1.152812500000000000e+02
1.771171875000000000e+02
1.218437500000000000e+02
1.719296875000000000e+02
1.284062500000000000e+02
1.680390625000000000e+02
1.321562500000000000e+02
1.667421875000000000e+02
1.349687500000000000e+02
1.667421875000000000e+02
1.434062500000000000e+02
1.680390625000000000e+02
1.518437500000000000e+02
1.706328125000000000e+02
1.462187500000000000e+02
1.771171875000000000e+02
1.405937500000000000e+02
1.810078125000000000e+02
1.340312500000000000e+02
1.836015625000000000e+02
1.274687500000000000e+02
1.836015625000000000e+02
1.209062500000000000e+02
1.797109375000000000e+02
1.162187500000000000e+02
1.758203125000000000e+02
1.246562500000000000e+02
1.745234375000000000e+02
1.321562500000000000e+02
1.732265625000000000e+02
1.415312500000000000e+02
1.719296875000000000e+02
1.499687500000000000e+02
1.719296875000000000e+02
1.415312500000000000e+02
1.719296875000000000e+02
1.330937500000000000e+02
1.745234375000000000e+02
1.246562500000000000e+02
1.758203125000000000e+02
